Permutations with 2 ones, 1 neighbors:
[[1 0 0]
 [0 1 0]
 [0 0 0]]

[[0 0 1]
 [0 1 0]
 [0 0 0]]

[[0 0 0]
 [0 1 1]
 [0 0 0]]

[[0 0 0]
 [0 1 0]
 [0 1 0]]

[[0 0 0]
 [0 1 0]
 [1 0 0]]

[[0 0 0]
 [0 1 0]
 [0 0 1]]

[[0 0 0]
 [1 1 0]
 [0 0 0]]

[[0 1 0]
 [0 1 0]
 [0 0 0]]

neighbor situations 8

Permutations with 3 ones, 2 neighbors:
[[0 1 0]
 [0 1 0]
 [0 1 0]]

[[1 0 0]
 [1 1 0]
 [0 0 0]]

[[0 1 0]
 [0 1 0]
 [0 0 1]]

[[1 0 1]
 [0 1 0]
 [0 0 0]]

[[1 0 0]
 [0 1 0]
 [0 0 1]]

[[0 0 0]
 [0 1 0]
 [0 1 1]]

[[1 0 0]
 [0 1 0]
 [1 0 0]]

[[0 1 0]
 [0 1 1]
 [0 0 0]]

[[1 0 0]
 [0 1 0]
 [0 1 0]]

[[0 0 1]
 [1 1 0]
 [0 0 0]]

[[0 1 0]
 [0 1 0]
 [1 0 0]]

[[0 0 0]
 [0 1 1]
 [1 0 0]]

[[0 1 0]
 [1 1 0]
 [0 0 0]]

[[0 1 1]
 [0 1 0]
 [0 0 0]]

[[0 0 0]
 [0 1 0]
 [1 0 1]]

[[1 1 0]
 [0 1 0]
 [0 0 0]]

[[0 0 0]
 [1 1 1]
 [0 0 0]]

[[0 0 1]
 [0 1 0]
 [0 1 0]]

[[0 0 0]
 [1 1 0]
 [1 0 0]]

[[0 0 0]
 [0 1 0]
 [1 1 0]]

[[0 0 1]
 [0 1 1]
 [0 0 0]]

[[1 0 0]
 [0 1 1]
 [0 0 0]]

[[0 0 0]
 [1 1 0]
 [0 0 1]]

[[0 0 0]
 [1 1 0]
 [0 1 0]]

[[0 0 1]
 [0 1 0]
 [1 0 0]]

[[0 0 0]
 [0 1 1]
 [0 1 0]]

[[0 0 1]
 [0 1 0]
 [0 0 1]]

[[0 0 0]
 [0 1 1]
 [0 0 1]]

neighbor situations 28

Permutations with 4 ones, 3 neighbors:
[[0 1 0]
 [0 1 1]
 [0 0 1]]

[[0 0 1]
 [1 1 1]
 [0 0 0]]

[[0 1 0]
 [0 1 0]
 [1 1 0]]

[[0 0 0]
 [1 1 1]
 [0 0 1]]

[[0 0 0]
 [0 1 1]
 [1 1 0]]

[[0 0 1]
 [1 1 0]
 [0 0 1]]

[[0 1 0]
 [0 1 1]
 [1 0 0]]

[[0 0 1]
 [1 1 0]
 [0 1 0]]

[[0 1 1]
 [0 1 1]
 [0 0 0]]

[[0 0 0]
 [0 1 1]
 [1 0 1]]

[[0 0 0]
 [0 1 0]
 [1 1 1]]

[[0 0 1]
 [0 1 1]
 [0 0 1]]

[[1 0 0]
 [0 1 1]
 [0 1 0]]

[[1 0 0]
 [0 1 1]
 [1 0 0]]

[[1 1 0]
 [0 1 0]
 [0 1 0]]

[[0 0 0]
 [1 1 0]
 [0 1 1]]

[[1 1 0]
 [0 1 1]
 [0 0 0]]

[[0 0 1]
 [0 1 1]
 [1 0 0]]

[[1 0 1]
 [0 1 0]
 [1 0 0]]

[[0 0 0]
 [1 1 1]
 [0 1 0]]

[[0 0 0]
 [1 1 0]
 [1 1 0]]

[[0 0 1]
 [0 1 0]
 [1 0 1]]

[[0 0 1]
 [0 1 0]
 [1 1 0]]

[[0 0 1]
 [0 1 0]
 [0 1 1]]

[[0 1 0]
 [1 1 0]
 [1 0 0]]

[[0 0 0]
 [1 1 0]
 [1 0 1]]

[[0 0 1]
 [0 1 1]
 [0 1 0]]

[[1 0 0]
 [0 1 1]
 [0 0 1]]

[[0 1 1]
 [1 1 0]
 [0 0 0]]

[[1 1 0]
 [0 1 0]
 [1 0 0]]

[[1 0 0]
 [1 1 0]
 [1 0 0]]

[[1 1 0]
 [1 1 0]
 [0 0 0]]

[[1 0 1]
 [0 1 0]
 [0 0 1]]

[[0 0 1]
 [1 1 0]
 [1 0 0]]

[[0 0 0]
 [0 1 1]
 [0 1 1]]

[[0 0 0]
 [1 1 1]
 [1 0 0]]

[[1 1 1]
 [0 1 0]
 [0 0 0]]

[[1 0 1]
 [0 1 1]
 [0 0 0]]

[[1 0 0]
 [1 1 0]
 [0 1 0]]

[[0 1 1]
 [0 1 0]
 [1 0 0]]

[[0 1 0]
 [0 1 0]
 [0 1 1]]

[[1 0 0]
 [1 1 0]
 [0 0 1]]

[[1 0 1]
 [0 1 0]
 [0 1 0]]

[[0 1 0]
 [0 1 1]
 [0 1 0]]

[[1 0 0]
 [0 1 0]
 [0 1 1]]

[[0 1 0]
 [1 1 0]
 [0 1 0]]

[[0 1 0]
 [0 1 0]
 [1 0 1]]

[[1 0 1]
 [1 1 0]
 [0 0 0]]

[[0 1 0]
 [1 1 0]
 [0 0 1]]

[[1 0 0]
 [0 1 0]
 [1 1 0]]

[[0 1 0]
 [1 1 1]
 [0 0 0]]

[[0 1 1]
 [0 1 0]
 [0 0 1]]

[[0 1 1]
 [0 1 0]
 [0 1 0]]

[[1 0 0]
 [0 1 0]
 [1 0 1]]

[[1 0 0]
 [1 1 1]
 [0 0 0]]

[[1 1 0]
 [0 1 0]
 [0 0 1]]

neighbor situations 56

Permutations with 5 ones, 4 neighbors:
[[0 0 1]
 [1 1 0]
 [1 0 1]]

[[1 1 1]
 [1 1 0]
 [0 0 0]]

[[0 0 1]
 [1 1 0]
 [1 1 0]]

[[0 1 0]
 [1 1 0]
 [1 1 0]]

[[0 0 0]
 [1 1 0]
 [1 1 1]]

[[0 1 0]
 [1 1 0]
 [1 0 1]]

[[0 0 0]
 [1 1 1]
 [1 0 1]]

[[1 1 1]
 [0 1 0]
 [0 0 1]]

[[0 1 1]
 [1 1 1]
 [0 0 0]]

[[1 1 1]
 [0 1 0]
 [0 1 0]]

[[0 0 0]
 [1 1 1]
 [1 1 0]]

[[1 0 1]
 [0 1 1]
 [0 1 0]]

[[0 1 0]
 [1 1 1]
 [1 0 0]]

[[1 0 1]
 [0 1 1]
 [1 0 0]]

[[0 1 1]
 [0 1 0]
 [1 1 0]]

[[1 1 0]
 [0 1 0]
 [1 1 0]]

[[0 1 1]
 [1 1 0]
 [0 0 1]]

[[1 0 1]
 [0 1 0]
 [0 1 1]]

[[1 1 0]
 [0 1 0]
 [1 0 1]]

[[1 1 0]
 [1 1 1]
 [0 0 0]]

[[1 1 0]
 [0 1 1]
 [1 0 0]]

[[0 1 0]
 [1 1 0]
 [0 1 1]]

[[1 0 1]
 [1 1 0]
 [0 1 0]]

[[0 1 0]
 [1 1 1]
 [0 0 1]]

[[1 0 1]
 [0 1 1]
 [0 0 1]]

[[0 1 1]
 [0 1 0]
 [0 1 1]]

[[1 0 0]
 [1 1 0]
 [0 1 1]]

[[0 1 1]
 [0 1 0]
 [1 0 1]]

[[1 1 1]
 [0 1 1]
 [0 0 0]]

[[1 0 0]
 [1 1 1]
 [0 0 1]]

[[1 0 0]
 [1 1 1]
 [0 1 0]]

[[1 1 1]
 [0 1 0]
 [1 0 0]]

[[0 1 0]
 [0 1 1]
 [0 1 1]]

[[0 0 1]
 [1 1 1]
 [0 0 1]]

[[0 0 1]
 [1 1 1]
 [1 0 0]]

[[0 1 1]
 [0 1 1]
 [0 1 0]]

[[0 1 0]
 [0 1 0]
 [1 1 1]]

[[0 0 1]
 [1 1 0]
 [0 1 1]]

[[1 0 1]
 [1 1 0]
 [0 0 1]]

[[0 1 0]
 [1 1 1]
 [0 1 0]]

[[0 1 1]
 [1 1 0]
 [1 0 0]]

[[1 0 0]
 [1 1 0]
 [1 1 0]]

[[1 0 1]
 [1 1 1]
 [0 0 0]]

[[1 0 0]
 [0 1 0]
 [1 1 1]]

[[1 1 0]
 [1 1 0]
 [1 0 0]]

[[0 1 1]
 [0 1 1]
 [1 0 0]]

[[1 0 0]
 [0 1 1]
 [1 0 1]]

[[1 1 0]
 [0 1 0]
 [0 1 1]]

[[1 0 1]
 [0 1 0]
 [1 1 0]]

[[1 0 0]
 [0 1 1]
 [1 1 0]]

[[0 0 1]
 [1 1 1]
 [0 1 0]]

[[1 1 0]
 [0 1 1]
 [0 1 0]]

[[0 0 1]
 [0 1 1]
 [1 1 0]]

[[0 0 0]
 [1 1 1]
 [0 1 1]]

[[1 0 1]
 [1 1 0]
 [1 0 0]]

[[0 0 1]
 [0 1 0]
 [1 1 1]]

[[0 0 0]
 [0 1 1]
 [1 1 1]]

[[0 1 0]
 [0 1 1]
 [1 0 1]]

[[0 1 0]
 [0 1 1]
 [1 1 0]]

[[0 0 1]
 [0 1 1]
 [0 1 1]]

[[0 1 1]
 [0 1 1]
 [0 0 1]]

[[1 1 0]
 [1 1 0]
 [0 1 0]]

[[1 0 0]
 [0 1 1]
 [0 1 1]]

[[0 1 1]
 [1 1 0]
 [0 1 0]]

[[1 0 0]
 [1 1 1]
 [1 0 0]]

[[1 0 0]
 [1 1 0]
 [1 0 1]]

[[1 1 0]
 [1 1 0]
 [0 0 1]]

[[1 1 0]
 [0 1 1]
 [0 0 1]]

[[0 0 1]
 [0 1 1]
 [1 0 1]]

[[1 0 1]
 [0 1 0]
 [1 0 1]]

neighbor situations 70

Permutations with 6 ones, 5 neighbors:
[[1 1 1]
 [0 1 1]
 [0 1 0]]

[[1 1 0]
 [1 1 0]
 [1 0 1]]

[[1 1 1]
 [0 1 0]
 [1 1 0]]

[[0 0 1]
 [1 1 1]
 [0 1 1]]

[[1 1 1]
 [0 1 0]
 [1 0 1]]

[[0 1 1]
 [0 1 1]
 [0 1 1]]

[[0 1 0]
 [0 1 1]
 [1 1 1]]

[[1 0 1]
 [1 1 1]
 [0 1 0]]

[[1 0 1]
 [0 1 1]
 [1 1 0]]

[[1 1 0]
 [1 1 0]
 [1 1 0]]

[[0 1 1]
 [1 1 0]
 [1 0 1]]

[[1 0 0]
 [1 1 0]
 [1 1 1]]

[[0 1 1]
 [0 1 1]
 [1 1 0]]

[[1 1 0]
 [1 1 0]
 [0 1 1]]

[[1 1 1]
 [0 1 1]
 [1 0 0]]

[[0 1 1]
 [0 1 1]
 [1 0 1]]

[[1 0 0]
 [1 1 1]
 [1 1 0]]

[[1 1 1]
 [1 1 1]
 [0 0 0]]

[[1 0 1]
 [0 1 0]
 [1 1 1]]

[[1 0 0]
 [0 1 1]
 [1 1 1]]

[[1 1 0]
 [0 1 1]
 [0 1 1]]

[[0 0 1]
 [0 1 1]
 [1 1 1]]

[[1 0 1]
 [1 1 0]
 [1 0 1]]

[[1 0 1]
 [1 1 0]
 [1 1 0]]

[[0 1 0]
 [1 1 1]
 [1 1 0]]

[[0 1 1]
 [1 1 1]
 [1 0 0]]

[[1 0 1]
 [1 1 1]
 [1 0 0]]

[[0 1 1]
 [1 1 1]
 [0 0 1]]

[[1 0 1]
 [0 1 1]
 [1 0 1]]

[[1 1 1]
 [1 1 0]
 [1 0 0]]

[[0 1 1]
 [1 1 0]
 [0 1 1]]

[[1 0 0]
 [1 1 1]
 [1 0 1]]

[[0 0 1]
 [1 1 1]
 [1 1 0]]

[[1 1 1]
 [1 1 0]
 [0 1 0]]

[[1 1 1]
 [1 1 0]
 [0 0 1]]

[[0 0 1]
 [1 1 0]
 [1 1 1]]

[[0 1 0]
 [1 1 0]
 [1 1 1]]

[[0 1 1]
 [1 1 1]
 [0 1 0]]

[[0 0 0]
 [1 1 1]
 [1 1 1]]

[[1 1 1]
 [0 1 0]
 [0 1 1]]

[[1 0 1]
 [0 1 1]
 [0 1 1]]

[[0 1 0]
 [1 1 1]
 [1 0 1]]

[[0 1 1]
 [0 1 0]
 [1 1 1]]

[[1 1 0]
 [0 1 0]
 [1 1 1]]

[[1 1 1]
 [0 1 1]
 [0 0 1]]

[[1 1 0]
 [1 1 1]
 [0 1 0]]

[[1 0 0]
 [1 1 1]
 [0 1 1]]

[[1 1 0]
 [0 1 1]
 [1 1 0]]

[[1 1 0]
 [1 1 1]
 [0 0 1]]

[[1 1 0]
 [0 1 1]
 [1 0 1]]

[[0 0 1]
 [1 1 1]
 [1 0 1]]

[[1 1 0]
 [1 1 1]
 [1 0 0]]

[[1 0 1]
 [1 1 0]
 [0 1 1]]

[[0 1 0]
 [1 1 1]
 [0 1 1]]

[[0 1 1]
 [1 1 0]
 [1 1 0]]

[[1 0 1]
 [1 1 1]
 [0 0 1]]

neighbor situations 56

Permutations with 7 ones, 6 neighbors:
[[1 1 0]
 [0 1 1]
 [1 1 1]]

[[0 0 1]
 [1 1 1]
 [1 1 1]]

[[1 1 1]
 [1 1 0]
 [0 1 1]]

[[1 1 0]
 [1 1 1]
 [1 1 0]]

[[0 1 1]
 [1 1 1]
 [1 1 0]]

[[1 0 1]
 [1 1 0]
 [1 1 1]]

[[1 0 1]
 [1 1 1]
 [1 1 0]]

[[0 1 1]
 [1 1 1]
 [1 0 1]]

[[0 1 1]
 [1 1 1]
 [0 1 1]]

[[1 0 1]
 [1 1 1]
 [0 1 1]]

[[1 1 0]
 [1 1 1]
 [1 0 1]]

[[0 1 0]
 [1 1 1]
 [1 1 1]]

[[1 0 1]
 [0 1 1]
 [1 1 1]]

[[1 1 0]
 [1 1 0]
 [1 1 1]]

[[1 0 1]
 [1 1 1]
 [1 0 1]]

[[1 1 1]
 [1 1 0]
 [1 1 0]]

[[0 1 1]
 [1 1 0]
 [1 1 1]]

[[1 1 1]
 [0 1 1]
 [1 1 0]]

[[0 1 1]
 [0 1 1]
 [1 1 1]]

[[1 1 1]
 [0 1 1]
 [0 1 1]]

[[1 1 1]
 [1 1 1]
 [0 1 0]]

[[1 1 1]
 [1 1 0]
 [1 0 1]]

[[1 1 1]
 [0 1 1]
 [1 0 1]]

[[1 1 1]
 [0 1 0]
 [1 1 1]]

[[1 1 0]
 [1 1 1]
 [0 1 1]]

[[1 0 0]
 [1 1 1]
 [1 1 1]]

[[1 1 1]
 [1 1 1]
 [0 0 1]]

[[1 1 1]
 [1 1 1]
 [1 0 0]]

neighbor situations 28

Permutations with 8 ones, 7 neighbors:
[[1 1 1]
 [1 1 1]
 [1 1 0]]

[[1 1 1]
 [1 1 0]
 [1 1 1]]

[[1 1 1]
 [0 1 1]
 [1 1 1]]

[[1 0 1]
 [1 1 1]
 [1 1 1]]

[[1 1 1]
 [1 1 1]
 [0 1 1]]

[[1 1 1]
 [1 1 1]
 [1 0 1]]

[[0 1 1]
 [1 1 1]
 [1 1 1]]

[[1 1 0]
 [1 1 1]
 [1 1 1]]

neighbor situations 8

Permutations with 9 ones, 8 neighbors:
[[1 1 1]
 [1 1 1]
 [1 1 1]]

neighbor situations 1

Space of all neighbor permutations 255
[(1, 8), (2, 28), (3, 56), (4, 70), (5, 56), (6, 28), (7, 8), (8, 1)]
