Permutations with 1 ones:
[[0 0 0]
 [0 1 0]
 [0 0 0]]

neighbor situations 1

Permutations with 2 ones:
[[1 0 0]
 [0 1 0]
 [0 0 0]]

[[0 0 1]
 [0 1 0]
 [0 0 0]]

[[0 0 0]
 [0 1 1]
 [0 0 0]]

[[0 0 0]
 [0 1 0]
 [0 1 0]]

[[0 0 0]
 [0 1 0]
 [1 0 0]]

[[0 0 0]
 [0 1 0]
 [0 0 1]]

[[0 0 0]
 [1 1 0]
 [0 0 0]]

[[0 1 0]
 [0 1 0]
 [0 0 0]]

neighbor situations 8

Permutations with 3 ones:
[[0 1 0]
 [0 1 0]
 [0 1 0]]

[[1 0 0]
 [1 1 0]
 [0 0 0]]

[[0 1 0]
 [0 1 0]
 [0 0 1]]

[[1 0 1]
 [0 1 0]
 [0 0 0]]

[[1 0 0]
 [0 1 0]
 [0 0 1]]

[[0 0 0]
 [0 1 0]
 [0 1 1]]

[[1 0 0]
 [0 1 0]
 [1 0 0]]

[[0 1 0]
 [0 1 1]
 [0 0 0]]

[[1 0 0]
 [0 1 0]
 [0 1 0]]

[[0 0 1]
 [1 1 0]
 [0 0 0]]

[[0 1 0]
 [0 1 0]
 [1 0 0]]

[[0 0 0]
 [0 1 1]
 [1 0 0]]

[[0 1 0]
 [1 1 0]
 [0 0 0]]

[[0 1 1]
 [0 1 0]
 [0 0 0]]

[[0 0 0]
 [0 1 0]
 [1 0 1]]

[[1 1 0]
 [0 1 0]
 [0 0 0]]

[[0 0 0]
 [1 1 1]
 [0 0 0]]

[[0 0 1]
 [0 1 0]
 [0 1 0]]

[[0 0 0]
 [1 1 0]
 [1 0 0]]

[[0 0 0]
 [0 1 0]
 [1 1 0]]

[[0 0 1]
 [0 1 1]
 [0 0 0]]

[[1 0 0]
 [0 1 1]
 [0 0 0]]

[[0 0 0]
 [1 1 0]
 [0 0 1]]

[[0 0 0]
 [1 1 0]
 [0 1 0]]

[[0 0 1]
 [0 1 0]
 [1 0 0]]

[[0 0 0]
 [0 1 1]
 [0 1 0]]

[[0 0 1]
 [0 1 0]
 [0 0 1]]

[[0 0 0]
 [0 1 1]
 [0 0 1]]

neighbor situations 28

Permutations with 4 ones:
[[0 1 0]
 [0 1 1]
 [0 0 1]]

[[0 0 1]
 [1 1 1]
 [0 0 0]]

[[0 1 0]
 [0 1 0]
 [1 1 0]]

[[0 0 0]
 [1 1 1]
 [0 0 1]]

[[0 0 0]
 [0 1 1]
 [1 1 0]]

[[0 0 1]
 [1 1 0]
 [0 0 1]]

[[0 1 0]
 [0 1 1]
 [1 0 0]]

[[0 0 1]
 [1 1 0]
 [0 1 0]]

[[0 1 1]
 [0 1 1]
 [0 0 0]]

[[0 0 0]
 [0 1 1]
 [1 0 1]]

[[0 0 0]
 [0 1 0]
 [1 1 1]]

[[0 0 1]
 [0 1 1]
 [0 0 1]]

[[1 0 0]
 [0 1 1]
 [0 1 0]]

[[1 0 0]
 [0 1 1]
 [1 0 0]]

[[1 1 0]
 [0 1 0]
 [0 1 0]]

[[0 0 0]
 [1 1 0]
 [0 1 1]]

[[1 1 0]
 [0 1 1]
 [0 0 0]]

[[0 0 1]
 [0 1 1]
 [1 0 0]]

[[1 0 1]
 [0 1 0]
 [1 0 0]]

[[0 0 0]
 [1 1 1]
 [0 1 0]]

[[0 0 0]
 [1 1 0]
 [1 1 0]]

[[0 0 1]
 [0 1 0]
 [1 0 1]]

[[0 0 1]
 [0 1 0]
 [1 1 0]]

[[0 0 1]
 [0 1 0]
 [0 1 1]]

[[0 1 0]
 [1 1 0]
 [1 0 0]]

[[0 0 0]
 [1 1 0]
 [1 0 1]]

[[0 0 1]
 [0 1 1]
 [0 1 0]]

[[1 0 0]
 [0 1 1]
 [0 0 1]]

[[0 1 1]
 [1 1 0]
 [0 0 0]]

[[1 1 0]
 [0 1 0]
 [1 0 0]]

[[1 0 0]
 [1 1 0]
 [1 0 0]]

[[1 1 0]
 [1 1 0]
 [0 0 0]]

[[1 0 1]
 [0 1 0]
 [0 0 1]]

[[0 0 1]
 [1 1 0]
 [1 0 0]]

[[0 0 0]
 [0 1 1]
 [0 1 1]]

[[0 0 0]
 [1 1 1]
 [1 0 0]]

[[1 1 1]
 [0 1 0]
 [0 0 0]]

[[1 0 1]
 [0 1 1]
 [0 0 0]]

[[1 0 0]
 [1 1 0]
 [0 1 0]]

[[0 1 1]
 [0 1 0]
 [1 0 0]]

[[0 1 0]
 [0 1 0]
 [0 1 1]]

[[1 0 0]
 [1 1 0]
 [0 0 1]]

[[1 0 1]
 [0 1 0]
 [0 1 0]]

[[0 1 0]
 [0 1 1]
 [0 1 0]]

[[1 0 0]
 [0 1 0]
 [0 1 1]]

[[0 1 0]
 [1 1 0]
 [0 1 0]]

[[0 1 0]
 [0 1 0]
 [1 0 1]]

[[1 0 1]
 [1 1 0]
 [0 0 0]]

[[0 1 0]
 [1 1 0]
 [0 0 1]]

[[1 0 0]
 [0 1 0]
 [1 1 0]]

[[0 1 0]
 [1 1 1]
 [0 0 0]]

[[0 1 1]
 [0 1 0]
 [0 0 1]]

[[0 1 1]
 [0 1 0]
 [0 1 0]]

[[1 0 0]
 [0 1 0]
 [1 0 1]]

[[1 0 0]
 [1 1 1]
 [0 0 0]]

[[1 1 0]
 [0 1 0]
 [0 0 1]]

neighbor situations 56

Permutations with 5 ones:
[[0 0 1]
 [1 1 0]
 [1 0 1]]

[[1 1 1]
 [1 1 0]
 [0 0 0]]

[[0 0 1]
 [1 1 0]
 [1 1 0]]

[[0 1 0]
 [1 1 0]
 [1 1 0]]

[[0 0 0]
 [1 1 0]
 [1 1 1]]

[[0 1 0]
 [1 1 0]
 [1 0 1]]

[[0 0 0]
 [1 1 1]
 [1 0 1]]

[[1 1 1]
 [0 1 0]
 [0 0 1]]

[[0 1 1]
 [1 1 1]
 [0 0 0]]

[[1 1 1]
 [0 1 0]
 [0 1 0]]

[[0 0 0]
 [1 1 1]
 [1 1 0]]

[[1 0 1]
 [0 1 1]
 [0 1 0]]

[[0 1 0]
 [1 1 1]
 [1 0 0]]

[[1 0 1]
 [0 1 1]
 [1 0 0]]

[[0 1 1]
 [0 1 0]
 [1 1 0]]

[[1 1 0]
 [0 1 0]
 [1 1 0]]

[[0 1 1]
 [1 1 0]
 [0 0 1]]

[[1 0 1]
 [0 1 0]
 [0 1 1]]

[[1 1 0]
 [0 1 0]
 [1 0 1]]

[[1 1 0]
 [1 1 1]
 [0 0 0]]

[[1 1 0]
 [0 1 1]
 [1 0 0]]

[[0 1 0]
 [1 1 0]
 [0 1 1]]

[[1 0 1]
 [1 1 0]
 [0 1 0]]

[[0 1 0]
 [1 1 1]
 [0 0 1]]

[[1 0 1]
 [0 1 1]
 [0 0 1]]

[[0 1 1]
 [0 1 0]
 [0 1 1]]

[[1 0 0]
 [1 1 0]
 [0 1 1]]

[[0 1 1]
 [0 1 0]
 [1 0 1]]

[[1 1 1]
 [0 1 1]
 [0 0 0]]

[[1 0 0]
 [1 1 1]
 [0 0 1]]

[[1 0 0]
 [1 1 1]
 [0 1 0]]

[[1 1 1]
 [0 1 0]
 [1 0 0]]

[[0 1 0]
 [0 1 1]
 [0 1 1]]

[[0 0 1]
 [1 1 1]
 [0 0 1]]

[[0 0 1]
 [1 1 1]
 [1 0 0]]

[[0 1 1]
 [0 1 1]
 [0 1 0]]

[[0 1 0]
 [0 1 0]
 [1 1 1]]

[[0 0 1]
 [1 1 0]
 [0 1 1]]

[[1 0 1]
 [1 1 0]
 [0 0 1]]

[[0 1 0]
 [1 1 1]
 [0 1 0]]

[[0 1 1]
 [1 1 0]
 [1 0 0]]

[[1 0 0]
 [1 1 0]
 [1 1 0]]

[[1 0 1]
 [1 1 1]
 [0 0 0]]

[[1 0 0]
 [0 1 0]
 [1 1 1]]

[[1 1 0]
 [1 1 0]
 [1 0 0]]

[[0 1 1]
 [0 1 1]
 [1 0 0]]

[[1 0 0]
 [0 1 1]
 [1 0 1]]

[[1 1 0]
 [0 1 0]
 [0 1 1]]

[[1 0 1]
 [0 1 0]
 [1 1 0]]

[[1 0 0]
 [0 1 1]
 [1 1 0]]

[[0 0 1]
 [1 1 1]
 [0 1 0]]

[[1 1 0]
 [0 1 1]
 [0 1 0]]

[[0 0 1]
 [0 1 1]
 [1 1 0]]

[[0 0 0]
 [1 1 1]
 [0 1 1]]

[[1 0 1]
 [1 1 0]
 [1 0 0]]

[[0 0 1]
 [0 1 0]
 [1 1 1]]

[[0 0 0]
 [0 1 1]
 [1 1 1]]

[[0 1 0]
 [0 1 1]
 [1 0 1]]

[[0 1 0]
 [0 1 1]
 [1 1 0]]

[[0 0 1]
 [0 1 1]
 [0 1 1]]

[[0 1 1]
 [0 1 1]
 [0 0 1]]

[[1 1 0]
 [1 1 0]
 [0 1 0]]

[[1 0 0]
 [0 1 1]
 [0 1 1]]

[[0 1 1]
 [1 1 0]
 [0 1 0]]

[[1 0 0]
 [1 1 1]
 [1 0 0]]

[[1 0 0]
 [1 1 0]
 [1 0 1]]

[[1 1 0]
 [1 1 0]
 [0 0 1]]

[[1 1 0]
 [0 1 1]
 [0 0 1]]

[[0 0 1]
 [0 1 1]
 [1 0 1]]

[[1 0 1]
 [0 1 0]
 [1 0 1]]

neighbor situations 70

Permutations with 6 ones:
[[1 1 1]
 [0 1 1]
 [0 1 0]]

[[1 1 0]
 [1 1 0]
 [1 0 1]]

[[1 1 1]
 [0 1 0]
 [1 1 0]]

[[0 0 1]
 [1 1 1]
 [0 1 1]]

[[1 1 1]
 [0 1 0]
 [1 0 1]]

[[0 1 1]
 [0 1 1]
 [0 1 1]]

[[0 1 0]
 [0 1 1]
 [1 1 1]]

[[1 0 1]
 [1 1 1]
 [0 1 0]]

[[1 0 1]
 [0 1 1]
 [1 1 0]]

[[1 1 0]
 [1 1 0]
 [1 1 0]]

[[0 1 1]
 [1 1 0]
 [1 0 1]]

[[1 0 0]
 [1 1 0]
 [1 1 1]]

[[0 1 1]
 [0 1 1]
 [1 1 0]]

[[1 1 0]
 [1 1 0]
 [0 1 1]]

[[1 1 1]
 [0 1 1]
 [1 0 0]]

[[0 1 1]
 [0 1 1]
 [1 0 1]]

[[1 0 0]
 [1 1 1]
 [1 1 0]]

[[1 1 1]
 [1 1 1]
 [0 0 0]]

[[1 0 1]
 [0 1 0]
 [1 1 1]]

[[1 0 0]
 [0 1 1]
 [1 1 1]]

[[1 1 0]
 [0 1 1]
 [0 1 1]]

[[0 0 1]
 [0 1 1]
 [1 1 1]]

[[1 0 1]
 [1 1 0]
 [1 0 1]]

[[1 0 1]
 [1 1 0]
 [1 1 0]]

[[0 1 0]
 [1 1 1]
 [1 1 0]]

[[0 1 1]
 [1 1 1]
 [1 0 0]]

[[1 0 1]
 [1 1 1]
 [1 0 0]]

[[0 1 1]
 [1 1 1]
 [0 0 1]]

[[1 0 1]
 [0 1 1]
 [1 0 1]]

[[1 1 1]
 [1 1 0]
 [1 0 0]]

[[0 1 1]
 [1 1 0]
 [0 1 1]]

[[1 0 0]
 [1 1 1]
 [1 0 1]]

[[0 0 1]
 [1 1 1]
 [1 1 0]]

[[1 1 1]
 [1 1 0]
 [0 1 0]]

[[1 1 1]
 [1 1 0]
 [0 0 1]]

[[0 0 1]
 [1 1 0]
 [1 1 1]]

[[0 1 0]
 [1 1 0]
 [1 1 1]]

[[0 1 1]
 [1 1 1]
 [0 1 0]]

[[0 0 0]
 [1 1 1]
 [1 1 1]]

[[1 1 1]
 [0 1 0]
 [0 1 1]]

[[1 0 1]
 [0 1 1]
 [0 1 1]]

[[0 1 0]
 [1 1 1]
 [1 0 1]]

[[0 1 1]
 [0 1 0]
 [1 1 1]]

[[1 1 0]
 [0 1 0]
 [1 1 1]]

[[1 1 1]
 [0 1 1]
 [0 0 1]]

[[1 1 0]
 [1 1 1]
 [0 1 0]]

[[1 0 0]
 [1 1 1]
 [0 1 1]]

[[1 1 0]
 [0 1 1]
 [1 1 0]]

[[1 1 0]
 [1 1 1]
 [0 0 1]]

[[1 1 0]
 [0 1 1]
 [1 0 1]]

[[0 0 1]
 [1 1 1]
 [1 0 1]]

[[1 1 0]
 [1 1 1]
 [1 0 0]]

[[1 0 1]
 [1 1 0]
 [0 1 1]]

[[0 1 0]
 [1 1 1]
 [0 1 1]]

[[0 1 1]
 [1 1 0]
 [1 1 0]]

[[1 0 1]
 [1 1 1]
 [0 0 1]]

neighbor situations 56

Permutations with 7 ones:
[[1 1 0]
 [0 1 1]
 [1 1 1]]

[[0 0 1]
 [1 1 1]
 [1 1 1]]

[[1 1 1]
 [1 1 0]
 [0 1 1]]

[[1 1 0]
 [1 1 1]
 [1 1 0]]

[[0 1 1]
 [1 1 1]
 [1 1 0]]

[[1 0 1]
 [1 1 0]
 [1 1 1]]

[[1 0 1]
 [1 1 1]
 [1 1 0]]

[[0 1 1]
 [1 1 1]
 [1 0 1]]

[[0 1 1]
 [1 1 1]
 [0 1 1]]

[[1 0 1]
 [1 1 1]
 [0 1 1]]

[[1 1 0]
 [1 1 1]
 [1 0 1]]

[[0 1 0]
 [1 1 1]
 [1 1 1]]

[[1 0 1]
 [0 1 1]
 [1 1 1]]

[[1 1 0]
 [1 1 0]
 [1 1 1]]

[[1 0 1]
 [1 1 1]
 [1 0 1]]

[[1 1 1]
 [1 1 0]
 [1 1 0]]

[[0 1 1]
 [1 1 0]
 [1 1 1]]

[[1 1 1]
 [0 1 1]
 [1 1 0]]

[[0 1 1]
 [0 1 1]
 [1 1 1]]

[[1 1 1]
 [0 1 1]
 [0 1 1]]

[[1 1 1]
 [1 1 1]
 [0 1 0]]

[[1 1 1]
 [1 1 0]
 [1 0 1]]

[[1 1 1]
 [0 1 1]
 [1 0 1]]

[[1 1 1]
 [0 1 0]
 [1 1 1]]

[[1 1 0]
 [1 1 1]
 [0 1 1]]

[[1 0 0]
 [1 1 1]
 [1 1 1]]

[[1 1 1]
 [1 1 1]
 [0 0 1]]

[[1 1 1]
 [1 1 1]
 [1 0 0]]

neighbor situations 28

Permutations with 8 ones:
[[1 1 1]
 [1 1 1]
 [1 1 0]]

[[1 1 1]
 [1 1 0]
 [1 1 1]]

[[1 1 1]
 [0 1 1]
 [1 1 1]]

[[1 0 1]
 [1 1 1]
 [1 1 1]]

[[1 1 1]
 [1 1 1]
 [0 1 1]]

[[1 1 1]
 [1 1 1]
 [1 0 1]]

[[0 1 1]
 [1 1 1]
 [1 1 1]]

[[1 1 0]
 [1 1 1]
 [1 1 1]]

neighbor situations 8

Permutations with 9 ones:
[[1 1 1]
 [1 1 1]
 [1 1 1]]

neighbor situations 1

Space of all neighbor permutations 256
[(1, 1), (2, 8), (3, 28), (4, 56), (5, 70), (6, 56), (7, 28), (8, 8), (9, 1)]
